0.7
0.69
0.67
0.66
0.65
0.63
0.62
0.6
0.6
0.6
0.6
0.62
0.65
0.64
0.65
0.68
0.71
0.72
0.74
0.74
0.78
0.82
0.83
0.84
0.85
0.88
0.89
0.90
0.94
0.96
0.98
0.99
1
1.06
1.09
1.14
1.20
1.22
1.25
1.25
1.3
1.3
1.29
1.28
1.24
1.22
1.18
1.14
1.11
1.05
1.02
1
0.97
0.96
0.95
0.93
0.86
0.88
0.84
0.91
0.97
1.01
1.03
1.10
1.14
1.19
1.24
1.27
1.33
1.37
1.42
1.45
1.41
1.38
1.34
1.26
1.21
1.16
1.15
1.13
1.12
1.14
1.15
1.11
1.08
1.03
1
0.97
0.92
0.96
0.91
0.88
0.86
0.81
0.78
0.73