49.012916 8.392662			
48.999735 8.385910
48.996763 8.410440
49.013962 8.430232
49.021481 8.412920
49.026567 8.385906
48.997076 8.377620 
49.005378 8.367144 
49.012516 8.363237 
49.016214 8.345833 
49.001669 8.462687 
48.997223 8.485256 
49.054553 8.389032
49.032700 8.336437
48.998980 8.294329
48.991077 8.346886
48.981649 8.328532
48.983529 8.365607
48.940605 8.406351
48.972696 8.454516
48.965381 8.481227
48.975692 8.451539
48.986895 8.467158
49.008588 8.468825
49.031155 8.504872
49.045059 8.447224
49.021487 8.429975
49.020061 8.440914
49.011345 8.435188
49.019291 8.401740
49.027389 8.472841
49.001449 8.407758
49.001944 8.422374
49.025092 8.401613
48.993047 8.353847
48.997554 8.393738
48.992176 8.401623
48.970214 8.400972
48.979079 8.318064
49.162838 8.631568
49.025418 8.346410
49.005315 8.429396
49.007029 8.403654
49.003268 8.408021
49.013303 8.445918
48.993128 8.413550
49.003803 8.426756
49.090279 8.427803
49.012940 8.402637
49.012650 8.385081