48.470733 8.498514
48.481973 8.497996
48.487996 8.499351
48.501048 8.465376
48.507092 8.468141
48.471078 8.448692
48.479811 8.469527
48.520828 8.550701
48.526050 8.563951
48.504056 8.557145
48.504008 8.376165
48.472671 8.410664
48.496065 8.569451
48.492075 8.565185
48.539015 8.439767
48.490182 8.462678
48.468075 8.477770
48.477804 8.562267
48.478156 8.573767
48.455076 8.552354
48.448187 8.510517
48.458192 8.412996
48.460976 8.403399
48.464651 8.434787
48.466749 8.447352
48.525346 8.400763
48.520952 8.372649
48.548895 8.473623
48.535984 8.492235
48.492291 8.498529
48.474497 8.386368
48.450904 8.474529
48.486632 8.604325
48.478152 8.445931
48.524498 8.564967
48.497685 8.557994
48.510889 8.529987
48.513967 8.613084
48.513361 8.593132
48.470445 8.519855