0.0 206.3 325.4 453.5 269.8 245.8 319.7 321.2 284.6 418.2 630.6 828.2 552.6 582.1 758.4 607.2 604.1 817.3 866.2 721.3 987.9 637.0 398.9 241.7 795.1 315.2 359.1 214.0 562.3 268.4 423.2 680.1 460.8 369.3 325.4 303.3 485.1 383.5 671.1 109.1
239.2 0.0 360.3 512.1 409.3 376.9 114.1 233.7 375.3 349.5 611.4 783.7 693.6 575.7 714.8 426.8 523.8 611.0 772.1 627.2 959.7 776.5 538.4 446.1 766.9 354.7 396.4 353.5 356.0 117.2 248.3 473.8 402.0 427.9 293.6 342.8 278.8 420.8 812.1 309.6 
353.1 341.2 0.0 360.2 365.7 527.7 348.8 384.3 539.3 500.1 490.1 687.7 782.7 726.3 865.4 601.9 698.9 663.1 692.9 548.0 847.4 686.9 448.8 471.8 654.6 117.3 166.1 442.9 531.1 254.0 137.6 381.3 552.6 264.7 253.9 147.9 199.6 211.0 901.2 276.7 
406.8 408.4 289.6 0.0 224.2 470.5 519.7 521.2 600.5 692.2 414.1 611.7 698.8 918.4 1048.6 815.8 884.5 741.4 717.2 572.3 771.4 420.5 226.5 495.1 494.3 279.4 206.8 301.4 764.4 386.7 411.0 641.9 744.7 183.7 307.6 267.5 473.4 206.6 786.7 300.0 
269.8 379.5 314.2 303.2 0.0 264.5 492.9 494.4 457.8 591.4 520.0 717.6 492.8 720.7 931.6 780.4 777.3 819.3 795.1 650.2 877.3 378.0 139.9 316.1 580.1 304.0 284.7 95.4 735.5 411.3 435.6 679.3 601.1 258.7 332.2 292.1 497.6 284.5 611.3 249.3 
226.7 312.8 455.0 561.6 269.2 0.0 426.2 427.7 391.1 524.7 760.2 957.8 486.9 651.8 864.9 713.7 710.6 923.8 995.8 850.9 1117.5 636.4 398.3 298.2 838.5 444.8 488.7 213.4 668.8 374.9 529.7 786.6 532.2 498.9 431.9 432.9 591.6 513.1 605.4 238.7 
319.0 135.5 363.7 591.6 489.1 456.7 0.0 238.7 393.7 354.5 616.4 788.7 773.4 580.7 719.8 431.8 528.8 616.0 777.1 632.2 964.7 856.3 618.2 525.9 771.9 417.7 451.5 433.3 361.0 175.1 251.7 478.8 407.0 507.4 373.1 422.3 283.8 491.0 881.2 389.1 
340.8 259.6 401.0 620.8 508.6 474.5 267.2 0.0 214.0 191.6 614.4 786.7 680.1 417.8 548.0 315.2 383.9 635.6 775.1 630.2 962.7 821.5 637.7 537.8 769.9 455.0 488.8 452.8 295.6 299.0 315.8 476.8 244.1 516.4 402.3 451.5 281.8 489.0 718.3 418.3 
310.2 351.3 534.5 681.7 480.3 447.9 436.3 203.7 0.0 192.1 797.5 969.8 668.9 408.4 532.3 381.1 378.0 818.7 958.2 813.3 1145.8 810.3 609.4 513.1 953.0 524.3 566.0 424.5 416.2 406.2 498.9 659.9 234.7 597.5 463.2 512.4 464.9 590.4 707.1 395.7 
418.7 386.2 527.6 764.8 588.3 554.2 393.8 207.1 246.3 0.0 741.0 913.3 628.5 288.1 405.3 409.4 406.3 762.2 901.7 756.8 1089.3 769.9 717.4 617.5 896.5 581.6 615.4 532.5 433.8 425.6 442.4 603.4 192.5 643.0 550.4 599.6 408.4 615.6 666.7 504.2 
658.2 554.9 451.7 337.9 477.9 724.2 562.5 598.0 753.0 713.8 0.0 329.1 952.5 940.0 1079.1 815.6 903.2 650.3 578.2 491.7 582.3 658.3 464.3 746.5 389.5 525.3 355.1 555.1 744.8 514.3 397.9 550.8 766.3 274.3 559.0 518.9 449.4 353.9 1024.5 551.4 
889.4 759.9 682.8 586.2 726.2 972.5 767.5 803.0 958.0 918.8 329.7 0.0 1200.8 1145.0 1284.1 1020.6 1108.2 855.3 660.3 582.4 596.2 766.0 712.6 977.7 403.4 742.1 586.2 803.4 949.8 719.3 602.9 755.8 971.3 522.6 790.2 750.1 654.4 585.0 1132.2 782.6 
549.6 660.9 745.4 798.5 506.1 440.8 774.3 751.2 730.8 657.8 1015.3 1212.9 0.0 661.1 1063.1 958.6 955.5 1271.9 1286.2 1141.3 1270.7 524.2 635.2 595.9 914.6 735.2 779.1 450.3 977.9 723.0 866.8 1110.5 592.0 754.0 766.9 723.3 928.8 779.8 421.0 529.1 
545.3 596.0 737.4 946.6 681.6 634.6 603.6 416.9 440.3 323.5 950.8 1123.1 605.0 0.0 728.8 622.6 619.5 972.0 1111.5 966.6 1299.1 746.4 810.7 710.8 1106.3 791.4 825.2 625.8 643.6 635.4 652.2 813.2 139.0 852.8 760.2 796.4 618.2 825.4 643.2 602.2 
790.6 743.6 885.0 1122.2 960.7 928.3 751.2 564.5 647.1 433.6 1098.4 1270.7 1062.1 721.7 0.0 578.8 575.7 1119.6 1259.1 1114.2 1446.7 1203.5 1089.8 993.5 1253.9 939.0 972.8 904.9 609.2 783.0 799.8 960.8 626.1 1000.4 907.8 957.0 765.8 973.0 1100.3 876.1 
608.1 492.0 655.1 892.3 778.2 745.8 499.6 337.9 464.6 409.0 868.5 1040.8 922.5 660.3 567.0 0.0 249.7 811.6 1029.2 884.3 1216.8 1063.9 907.3 811.0 1024.0 709.1 742.9 722.4 125.5 531.4 569.9 730.9 486.6 770.5 681.2 730.4 535.9 743.1 960.7 693.6 
590.7 543.7 685.1 922.3 760.8 728.4 551.3 364.6 447.2 391.6 898.5 1070.8 905.1 642.9 549.6 237.1 0.0 774.8 1059.2 914.3 1246.8 1046.5 889.9 793.6 1054.0 739.1 772.9 705.0 295.1 583.1 599.9 760.9 469.2 800.5 707.9 757.1 565.9 773.1 943.3 676.2 
759.9 576.4 634.8 690.3 744.5 897.6 584.0 643.1 798.1 758.9 582.1 754.4 1214.3 985.1 1065.4 753.9 668.7 0.0 660.9 413.4 930.4 1010.7 816.7 947.7 737.6 688.8 556.2 821.7 683.1 615.8 549.6 367.5 811.4 582.4 760.2 714.5 549.6 555.0 1285.6 752.6 
881.2 751.7 674.6 705.1 766.3 1012.6 759.3 794.8 949.8 910.6 572.9 653.3 1240.9 1136.8 1275.9 1012.4 1106.9 731.9 0.0 410.2 945.2 1025.5 831.5 969.5 752.4 733.9 578.0 843.5 941.6 711.1 594.7 754.5 963.1 604.2 782.0 741.9 646.2 576.8 1359.4 774.4 
752.9 623.4 546.3 576.8 638.0 884.3 631.0 666.5 821.5 782.3 468.6 574.8 1112.6 1008.5 1147.6 884.1 891.1 482.6 409.2 0.0 816.9 897.2 703.2 841.2 624.1 605.6 449.7 715.2 813.3 582.8 466.4 530.4 834.8 475.9 653.7 613.6 517.9 448.5 1231.1 646.1 
1006.2 876.7 799.6 703.0 843.0 1089.3 884.3 919.8 1074.8 1035.6 637.2 590.8 1296.8 1261.8 1400.9 1137.4 1225.0 972.1 968.6 823.7 0.0 790.3 816.1 1094.5 419.9 858.9 703.0 920.2 1066.6 836.1 719.7 872.6 1088.1 639.4 907.0 866.9 771.2 701.8 1156.5 899.4 
620.5 730.2 645.4 370.2 368.9 615.2 843.6 845.1 808.5 798.7 678.1 737.3 547.6 802.0 1204.0 1099.5 1096.4 1023.3 1019.8 874.9 794.1 0.0 343.6 666.8 438.0 635.2 577.0 446.1 1086.2 742.5 764.4 923.8 732.9 536.2 663.4 623.3 815.9 576.8 458.2 600.0 
395.8 505.5 420.7 163.3 144.2 390.5 618.9 620.4 583.8 717.4 471.2 668.8 618.8 846.7 1057.6 906.4 903.3 816.4 812.9 668.0 796.3 338.1 0.0 442.1 440.2 410.5 370.1 221.4 861.5 517.8 542.1 716.9 727.1 329.3 438.7 398.6 604.1 369.9 674.0 375.3 
238.1 413.9 433.9 562.0 306.0 326.5 527.3 528.8 492.2 625.8 739.1 936.7 588.8 747.5 966.0 814.8 811.7 998.9 974.7 829.8 1096.4 673.2 435.1 0.0 875.3 423.7 467.6 250.2 769.9 476.0 555.3 799.0 627.9 477.8 455.4 411.8 617.3 492.0 707.3 217.6 
813.8 684.3 607.2 453.8 592.5 838.8 691.9 727.4 882.4 843.2 427.9 399.4 929.0 1069.4 1208.5 945.0 1032.6 779.7 776.2 631.3 414.7 422.5 448.3 890.4 0.0 666.5 510.6 669.7 874.2 643.7 527.3 680.2 895.7 447.0 714.6 674.5 578.8 509.4 788.7 707.0 
293.5 295.1 90.4 331.9 300.9 462.9 406.4 407.9 487.2 574.3 509.0 706.6 717.9 800.5 935.3 676.1 771.2 737.3 723.3 578.4 866.3 622.1 384.0 407.0 673.5 0.0 204.6 378.1 605.3 260.4 211.8 455.5 626.8 247.7 194.3 30.6 273.8 240.6 836.4 211.9 
386.2 387.8 127.0 231.0 271.3 517.6 436.5 472.0 579.9 587.8 360.9 558.5 745.9 814.0 953.1 689.6 786.6 591.4 567.2 422.3 718.2 570.0 354.4 474.5 525.4 200.6 0.0 348.5 618.8 357.2 240.8 484.5 640.3 135.5 287.0 224.1 302.8 81.8 864.4 279.4 
208.6 318.3 399.9 388.9 96.5 203.3 431.7 433.2 396.6 530.2 605.7 803.3 431.6 659.5 870.4 719.2 716.1 905.0 880.8 735.9 963.0 463.7 225.6 254.9 665.8 389.7 370.4 0.0 674.3 380.4 521.3 765.0 539.9 344.4 417.9 377.8 583.3 370.2 550.1 188.1 
591.4 423.2 586.3 823.5 759.2 725.1 430.8 309.6 464.6 437.8 799.7 972.0 929.8 667.5 595.8 122.9 317.6 742.8 960.4 815.5 1148.0 1071.2 888.3 788.4 955.2 640.3 674.1 703.4 0.0 462.6 501.1 662.1 493.8 701.7 652.9 666.0 467.1 674.3 968.0 668.9 
214.6 127.8 266.8 451.7 416.9 423.3 172.9 293.1 421.7 408.9 567.2 739.5 699.7 635.1 774.2 486.2 583.2 670.4 727.9 583.0 915.5 741.9 503.8 388.8 722.7 294.3 336.0 361.1 415.4 0.0 154.8 416.3 461.4 367.5 233.2 282.4 234.6 360.4 818.2 242.3 
367.4 258.5 166.0 447.9 453.4 576.1 263.5 318.5 473.5 434.3 466.4 638.7 852.5 660.5 799.6 536.1 633.1 597.3 627.1 482.2 814.7 774.6 536.5 541.6 621.9 220.0 253.8 513.9 465.3 158.4 0.0 315.5 486.8 352.4 300.2 245.7 133.8 298.7 961.0 364.4 
630.1 497.2 396.7 667.9 684.1 818.4 504.8 540.3 695.3 656.1 560.2 732.5 1101.1 882.3 1019.6 708.1 685.9 404.0 732.5 521.8 908.5 988.7 767.2 790.2 715.7 450.7 484.5 761.3 637.3 427.9 311.5 0.0 708.6 546.1 530.9 476.4 311.5 518.7 1182.8 595.1 
457.7 457.0 598.4 835.6 594.0 559.9 464.6 277.9 301.3 184.5 811.8 984.1 560.0 173.7 589.8 483.6 480.5 833.0 972.5 827.6 1160.1 701.4 723.1 623.2 967.3 652.4 686.2 538.2 504.6 496.4 513.2 674.2 0.0 713.8 621.2 670.4 479.2 686.4 598.2 514.6 
452.4 454.0 269.5 123.9 272.1 518.4 477.8 513.3 646.1 629.1 289.7 487.3 746.7 855.3 994.4 730.9 827.9 632.7 608.5 463.6 647.0 488.5 294.5 540.7 454.2 325.0 172.9 349.3 660.1 429.6 313.2 533.2 681.6 0.0 353.2 313.1 364.7 171.7 854.7 345.6 
244.4 246.0 289.4 438.8 407.8 439.7 357.3 358.8 438.1 529.8 615.9 813.5 729.5 756.0 886.2 653.4 722.1 854.4 830.2 685.3 973.2 729.0 490.9 418.6 780.4 279.2 323.1 390.9 602.0 224.3 379.1 640.6 582.3 354.6 0.0 267.3 458.9 347.5 848.0 272.1 
262.9 264.5 124.9 308.7 277.7 439.7 375.8 377.3 456.6 548.3 485.8 683.4 694.7 774.5 904.7 671.9 740.6 724.3 700.1 555.2 843.1 598.9 360.8 383.8 650.3 114.7 193.0 354.9 620.5 229.8 232.8 476.5 600.8 224.5 163.7 0.0 294.8 217.4 813.2 188.7 
535.0 536.6 328.4 379.8 420.1 666.4 545.9 581.4 728.7 697.2 356.0 528.3 894.7 923.4 1062.5 799.0 793.8 540.9 516.7 371.8 704.3 700.6 503.2 623.3 511.5 402.0 231.8 497.3 728.2 497.7 381.3 441.4 749.7 258.0 435.8 395.7 0.0 230.6 1013.2 428.2 
375.1 376.7 166.3 217.2 257.5 503.8 449.4 484.9 568.8 600.7 373.8 571.4 732.1 826.9 966.0 702.5 799.5 604.3 580.1 435.2 731.1 556.2 340.6 463.4 538.3 239.9 69.7 334.7 631.7 355.0 280.1 504.8 653.2 121.7 275.9 235.8 336.3 0.0 850.6 268.3 
890.8 1002.1 1002.4 712.8 801.0 782.0 1115.5 982.4 962.0 889.0 1020.7 1079.9 642.8 892.3 1294.3 1189.8 1186.7 1365.9 1362.4 1217.5 1136.7 473.2 707.3 937.1 780.6 992.2 919.6 791.5 1209.1 1064.2 1107.0 1266.4 823.2 878.8 1020.4 980.3 1158.5 919.4 0.0 870.3  
131.9 298.0 237.4 365.5 240.8 268.6 411.4 412.9 372.5 506.1 542.6 740.2 523.6 640.4 846.3 695.1 692.0 802.4 778.2 633.3 899.9 608.0 369.9 212.7 707.1 227.2 271.1 185.0 654.0 334.9 358.8 602.5 520.8 281.3 258.9 215.3 420.8 295.5 642.1 0.0