0.0 166.0 353.4 706.5 664.5 505.1 440.1 534.6 655.2 599.1 1103.3 765.8 557.5 537.8 975.8 622.0 305.2 447.2 496.4 429.1 273.3 771.9 924.0 538.6 643.0 1289.8 1335.3 775.6 667.0 362.4 819.5 489.2 729.1 629.9 616.8 607.5 417.3 991.2 860.0 215.6 0.0 
167.0 0.0 187.4 566.1 524.1 399.7 334.7 368.6 489.2 433.1 997.9 660.4 559.1 580.5 809.8 503.4 199.8 461.6 539.1 441.5 413.2 666.5 818.6 433.2 537.6 1184.4 1229.9 609.6 501.0 196.4 714.1 387.1 771.8 524.5 450.8 490.0 251.3 1012.2 881.0 250.9 0.0 
329.4 184.5 0.0 417.9 375.9 462.3 340.8 422.3 542.9 486.8 1060.5 723.0 612.8 656.1 845.5 461.8 262.4 593.2 670.7 573.1 552.2 729.1 881.2 495.8 600.2 1162.9 1292.5 645.3 536.7 75.6 776.7 449.7 903.4 587.1 504.5 543.7 305.0 1065.9 934.7 382.5 0.0 
678.3 566.2 419.0 0.0 155.7 517.4 327.6 833.5 954.1 905.8 1203.6 810.4 1031.8 1061.0 629.0 345.2 493.0 942.1 1019.6 922.0 806.4 905.9 1058.0 718.3 734.5 942.7 1178.8 632.6 517.9 494.6 919.8 703.9 1252.3 647.6 915.7 962.7 724.0 1477.1 1345.9 731.4 0.0 
635.9 523.8 376.6 157.0 0.0 571.5 381.7 686.6 807.2 798.9 1127.4 758.3 924.9 968.2 473.3 399.3 547.1 899.7 977.2 879.6 858.7 853.8 1005.9 772.4 788.6 787.0 1023.1 485.7 371.0 452.2 867.7 756.2 1209.9 701.7 768.8 855.8 681.6 1330.2 1199.0 689.0 0.0 
468.4 396.3 462.6 520.6 572.2 0.0 187.9 741.8 862.4 806.3 750.0 378.5 870.8 851.1 586.5 373.9 250.7 732.2 809.7 712.1 524.4 418.6 570.7 200.9 217.1 900.2 982.0 834.3 874.2 538.2 466.2 395.9 1042.4 163.4 824.0 863.2 624.5 1304.5 1173.3 521.5 0.0 
407.7 335.6 340.8 332.7 384.3 189.8 0.0 681.1 801.7 745.6 939.8 568.3 810.1 790.4 776.3 200.9 165.4 671.5 749.0 651.4 478.8 608.4 760.5 390.7 406.9 1090.0 1171.8 861.2 746.5 416.4 656.0 376.3 981.7 320.0 763.3 802.5 563.8 1243.8 1112.6 460.8 0.0 
540.2 373.2 419.5 837.4 686.6 743.6 678.6 0.0 174.7 156.6 1341.8 1004.3 282.6 325.9 910.2 847.3 543.7 510.5 459.9 674.6 786.4 1010.4 1162.5 777.1 881.5 1422.2 1573.8 710.0 319.1 428.5 1058.0 731.0 603.0 868.4 136.3 213.5 197.1 697.7 566.5 624.1 0.0 
657.0 490.0 536.3 954.2 803.4 860.4 795.4 176.0 0.0 288.3 1458.6 1121.1 414.3 457.6 1027.0 964.1 660.5 642.2 591.6 806.3 903.2 1127.2 1279.3 893.9 998.3 1539.0 1690.6 826.8 435.9 545.3 1174.8 847.8 724.9 985.2 64.6 345.2 313.9 613.5 482.3 740.9 0.0 
607.9 440.9 487.2 905.1 802.1 811.3 746.3 153.7 290.2 0.0 1409.5 1072.0 126.0 169.3 1025.7 915.0 611.4 353.9 303.3 518.0 754.0 1078.1 1230.2 844.8 949.2 1537.7 1641.5 825.5 434.6 496.2 1125.7 798.7 446.4 936.1 251.8 56.9 237.0 580.4 449.2 533.8 0.0 
1057.2 985.1 1051.4 1229.4 1118.3 768.3 956.2 1330.6 1451.2 1395.1 0.0 573.9 1459.6 1439.9 845.2 1142.2 839.5 1321.0 1398.5 1300.9 1113.2 545.0 685.4 656.0 813.8 351.6 327.3 1093.0 1438.1 1127.0 298.1 865.4 1631.2 923.4 1412.8 1452.0 1213.3 1893.3 1762.1 1110.3 0.0 
723.3 651.2 717.5 826.9 774.4 398.1 586.0 996.7 1117.3 1061.2 571.0 0.0 1125.7 1106.0 559.7 772.0 505.6 987.1 1064.6 967.0 779.3 273.3 425.4 322.1 479.9 827.3 803.0 807.5 1129.1 793.1 287.2 531.5 1297.3 553.2 1078.9 1118.1 879.4 1559.4 1428.2 776.4 0.0 
553.1 565.0 611.3 1029.2 926.2 883.4 818.4 277.8 414.3 124.1 1481.6 1144.1 0.0 176.9 1149.8 1000.3 683.5 247.8 197.2 411.9 647.9 1150.2 1302.3 916.9 1021.3 1661.8 1713.6 949.6 558.7 620.3 1197.8 818.5 340.9 1008.2 375.9 161.8 361.1 467.6 336.4 427.7 0.0 
534.9 564.8 658.9 1066.6 973.8 865.2 800.2 325.4 461.9 171.7 1463.4 1125.9 183.3 0.0 1197.4 982.1 665.3 229.6 179.0 393.7 629.7 1132.0 1284.1 898.7 1003.1 1649.9 1695.4 997.2 606.3 667.9 1179.6 800.3 354.9 990.0 423.5 111.1 408.7 617.0 485.8 409.5 0.0 
961.3 809.9 844.3 636.9 479.9 597.2 785.1 908.5 1029.1 1020.8 852.4 543.7 1146.8 1190.1 0.0 678.9 743.6 1225.1 1302.6 1205.0 1017.3 639.2 791.3 624.6 699.3 512.0 748.1 247.8 592.9 853.3 653.1 769.5 1467.2 752.3 990.7 1077.7 930.4 1552.1 1420.9 1014.4 0.0 
587.8 502.9 463.7 352.1 403.7 373.6 197.6 848.4 969.0 912.9 1123.6 752.1 990.2 970.5 672.3 0.0 345.5 851.6 929.1 831.5 658.9 792.2 944.3 574.5 590.7 986.0 1222.1 880.6 765.9 539.3 839.8 556.4 1161.8 503.8 930.6 969.8 731.1 1423.9 1292.7 640.9 0.0 
269.4 197.3 263.6 499.5 551.1 248.8 166.8 542.8 663.4 607.3 847.0 509.5 671.8 652.1 719.8 348.7 0.0 533.2 610.7 513.1 328.0 515.6 667.7 282.3 386.7 1033.5 1079.0 783.8 675.2 339.2 563.2 221.5 843.4 373.6 625.0 664.2 425.5 1105.5 974.3 322.5 0.0 
441.1 440.7 590.9 942.5 900.5 741.1 676.1 511.8 648.3 358.1 1339.3 1001.8 247.5 227.8 1212.1 858.0 541.2 0.0 161.4 258.5 494.5 1007.9 1160.0 774.6 879.0 1525.8 1571.3 1050.3 792.7 637.1 1055.5 665.1 419.1 865.9 609.9 297.5 595.1 681.2 550.0 308.2 0.0 
494.7 524.6 674.8 1026.4 984.4 825.0 760.0 458.6 595.1 304.9 1423.2 1085.7 194.3 174.6 1296.0 941.9 625.1 155.4 0.0 353.5 589.5 1091.8 1243.9 858.5 962.9 1609.7 1655.2 1130.4 739.5 721.0 1139.4 760.1 365.9 949.8 556.7 244.3 541.9 628.0 496.8 369.3 0.0 
424.2 423.8 574.0 925.6 883.6 724.2 659.2 692.1 828.6 538.4 1322.4 984.9 427.8 408.1 1195.2 841.1 524.3 268.2 366.7 0.0 370.4 943.0 1143.1 757.7 862.1 1508.9 1554.4 1033.4 924.8 620.2 1038.6 541.0 599.4 849.0 790.2 477.8 675.1 861.5 730.3 291.3 0.0 
273.8 409.3 548.2 808.8 857.8 534.8 476.1 777.9 898.5 784.5 1133.0 795.5 673.9 654.2 1005.8 658.0 323.7 514.3 612.8 375.3 0.0 722.7 953.7 568.3 672.7 1319.5 1365.0 1018.9 910.3 605.7 849.2 320.7 845.5 659.6 860.1 723.9 660.6 1107.6 976.4 421.1 0.0 
694.5 622.4 688.7 928.1 879.5 407.5 595.4 967.9 1088.5 1032.4 539.7 274.7 1096.9 1077.2 664.8 781.4 476.8 958.3 1035.8 940.7 721.9 0.0 281.1 307.3 437.5 796.0 771.7 912.6 1100.3 764.3 255.9 396.8 1268.5 562.6 1050.1 1089.3 850.6 1530.6 1399.4 747.6 0.0 
866.0 793.9 860.2 1089.5 1037.0 577.1 765.0 1139.4 1260.0 1203.9 693.7 432.2 1268.4 1248.7 822.3 951.0 648.3 1129.8 1207.3 1109.7 922.0 279.6 0.0 464.8 622.6 950.0 925.7 1070.1 1271.8 935.8 392.8 649.3 1440.0 732.2 1221.6 1260.8 1022.1 1702.1 1570.9 919.1 0.0 
511.4 439.3 505.6 721.5 773.1 200.9 388.8 784.8 905.4 849.3 648.3 310.8 913.8 894.1 628.7 574.8 293.7 775.2 852.7 755.1 567.4 316.9 469.0 0.0 254.4 904.6 880.3 876.5 917.2 581.2 364.5 319.6 1085.4 356.0 867.0 906.2 667.5 1347.5 1216.3 564.5 0.0 
615.9 543.8 610.1 733.0 784.6 212.4 400.3 889.3 1009.9 953.8 817.9 480.4 1018.3 998.6 696.1 586.3 398.2 879.7 957.2 859.6 671.9 486.5 638.6 245.2 0.0 1009.8 1049.9 943.9 1021.7 685.7 534.1 424.1 1189.9 367.5 971.5 1010.7 772.0 1452.0 1320.8 669.0 0.0 
1261.5 1189.4 1156.7 937.1 780.1 897.4 1085.3 1415.5 1536.1 1527.8 359.4 835.0 1653.8 1644.2 507.0 979.1 1043.8 1525.3 1602.8 1505.2 1317.5 806.1 946.5 917.1 999.5 0.0 255.1 754.8 1099.9 1232.3 559.2 1069.7 1835.5 1052.5 1497.7 1584.7 1417.6 2059.1 1927.9 1314.6 0.0 
1289.7 1217.6 1283.9 1179.4 1022.4 1000.8 1188.7 1563.1 1683.7 1627.6 330.8 806.4 1692.1 1672.4 749.3 1221.4 1072.0 1553.5 1631.0 1533.4 1345.7 777.5 917.9 888.5 1046.3 255.7 0.0 997.1 1342.2 1359.5 530.6 1097.9 1863.7 1155.9 1645.3 1684.5 1445.8 2125.8 1994.6 1342.8 0.0 
778.1 611.1 645.5 632.6 479.2 844.1 857.3 709.7 830.3 822.0 1099.3 790.6 948.0 991.3 246.9 874.9 781.6 1072.7 1125.3 1052.6 1024.3 886.1 1038.2 871.5 946.2 758.9 995.0 0.0 394.1 654.5 900.0 968.9 1268.4 999.2 791.9 878.9 731.6 1353.3 1222.1 862.0 0.0 
672.9 505.9 540.3 521.8 368.4 876.3 746.5 320.4 441.0 432.7 1444.4 1126.7 558.7 602.0 592.0 764.1 676.4 786.6 736.0 947.4 919.1 1143.1 1295.2 909.8 1014.2 1104.0 1340.1 391.8 0.0 549.3 1190.7 863.7 879.1 1001.1 402.6 489.6 378.0 964.0 832.8 756.8 0.0 
362.2 195.2 74.0 491.9 449.9 536.3 414.8 433.0 553.6 497.5 1134.5 797.0 623.5 666.8 856.2 535.8 336.4 656.8 734.3 636.7 608.4 803.1 955.2 569.8 674.2 1236.9 1366.5 656.0 547.4 0.0 850.7 523.7 943.9 661.1 515.2 554.4 315.7 1076.6 945.4 446.1 0.0 
776.9 704.8 771.1 949.1 896.6 488.0 675.9 1050.3 1170.9 1114.8 302.6 293.6 1179.3 1159.6 681.9 861.9 559.2 1040.7 1118.2 1020.6 832.9 264.7 387.3 375.7 533.5 558.9 534.6 929.7 1182.7 846.7 0.0 585.1 1350.9 643.1 1132.5 1171.7 933.0 1613.0 1481.8 830.0 0.0 
453.0 380.9 447.2 707.8 756.8 389.7 375.1 726.4 847.0 790.9 880.0 542.5 842.5 822.8 750.1 557.0 219.0 682.9 781.4 543.9 325.1 402.0 663.5 315.3 419.7 1063.8 1112.0 967.4 858.8 522.8 596.2 0.0 1014.1 544.8 808.6 847.8 609.1 1276.2 1145.0 506.1 0.0 
729.7 759.6 909.8 1261.4 1219.4 1060.0 995.0 597.3 725.2 443.6 1658.2 1320.7 339.3 353.5 1469.3 1176.9 860.1 424.4 373.8 588.5 824.5 1326.8 1478.9 1093.5 1197.9 1844.7 1890.2 1269.1 878.2 939.8 1374.4 995.1 0.0 1184.8 695.4 423.2 680.6 541.9 534.1 604.3 0.0 
597.8 525.7 592.0 657.0 708.6 163.4 324.3 871.2 991.8 935.7 906.5 535.0 1000.2 980.5 743.0 510.3 380.1 861.6 939.1 841.5 653.8 575.1 727.2 357.4 373.6 1056.7 1138.5 990.8 1003.6 667.6 622.7 558.5 1171.8 0.0 953.4 992.6 753.9 1433.9 1302.7 650.9 0.0 
621.8 454.8 501.1 919.0 768.2 825.2 760.2 140.8 64.7 253.1 1423.4 1085.9 379.1 422.4 991.8 928.9 625.3 607.0 556.4 771.1 868.0 1092.0 1244.1 858.7 963.1 1503.8 1655.4 791.6 400.7 510.1 1139.6 812.6 696.9 950.0 0.0 310.0 278.7 585.5 454.3 705.7 0.0 
602.3 501.5 547.8 965.7 862.7 871.9 806.9 214.3 350.8 60.6 1470.1 1132.6 164.9 112.4 1086.3 975.6 672.0 297.0 246.4 461.1 697.1 1138.7 1290.8 905.4 1009.8 1598.3 1702.1 886.1 495.2 556.8 1186.3 859.3 422.3 996.7 312.4 0.0 297.6 619.3 488.1 476.9 0.0 
423.0 256.0 302.3 720.2 678.2 626.4 561.4 192.6 313.2 235.9 1224.6 887.1 361.9 405.2 924.7 730.1 426.5 589.8 539.2 697.5 669.2 893.2 1045.3 659.9 764.3 1411.1 1456.6 724.5 378.8 311.3 940.8 613.8 682.3 751.2 274.8 292.8 0.0 816.3 685.1 506.9 0.0 
989.1 1016.3 1062.6 1480.5 1329.7 1319.4 1254.4 702.3 614.3 576.6 1917.6 1580.1 465.1 612.9 1553.3 1436.3 1119.5 683.8 633.2 847.9 1083.9 1586.2 1738.3 1352.9 1457.3 2065.3 2149.6 1353.1 962.2 1071.6 1633.8 1254.5 538.8 1444.2 590.9 614.3 813.6 0.0 158.1 863.7 0.0 
856.7 883.9 930.2 1348.1 1197.3 1187.0 1122.0 569.9 481.9 444.2 1785.2 1447.7 332.7 480.5 1420.9 1303.9 987.1 551.4 500.8 715.5 951.5 1453.8 1605.9 1220.5 1324.9 1932.9 2017.2 1220.7 829.8 939.2 1501.4 1122.1 538.4 1311.8 458.5 481.9 681.2 161.4 0.0 731.3 0.0 
213.0 235.5 385.7 737.3 695.3 535.9 470.9 604.1 724.7 546.5 1134.1 796.6 435.9 416.2 1006.9 652.8 336.0 320.2 374.8 300.1 423.5 802.7 954.8 569.4 673.8 1320.6 1366.1 845.1 736.5 431.9 850.3 523.3 607.5 660.7 686.3 485.9 486.8 869.6 738.4 0.0 0.0 
0.0 0.0 0.0 0.0 0.0 0.0 0.0 0.0 0.0 0.0 0.0 0.0 0.0 0.0 0.0 0.0 0.0 0.0 0.0 0.0 0.0 0.0 0.0 0.0 0.0 0.0 0.0 0.0 0.0 0.0 0.0 0.0 0.0 0.0 0.0 0.0 0.0 0.0 0.0 0.0 0.0