0.0 405.5 976.6 1278.1 497.0 937.5 993.4 915.3 718.8 486.5 293.1 587.3 858.6 406.6 596.0 817.6 1006.2 1058.0 962.5 930.7 0.0 
408.3 0.0 1148.1 1526.5 751.9 882.9 652.4 581.1 313.3 90.7 548.0 842.2 1113.5 724.0 865.0 1072.5 1177.7 1079.1 622.6 525.2 0.0 
851.7 1107.6 0.0 403.1 469.8 415.2 683.7 693.3 943.7 1188.6 825.4 765.5 550.9 1060.6 866.7 352.8 40.8 435.8 740.5 972.4 0.0 
1193.6 1449.5 372.6 0.0 824.1 769.5 1038.0 1047.6 1298.0 1530.5 1101.1 739.7 477.5 1071.3 793.3 707.1 394.1 609.3 1094.8 1326.7 0.0 
427.7 683.6 526.9 905.3 0.0 487.8 543.7 465.6 716.0 764.6 401.4 341.5 612.8 636.6 671.3 367.9 556.5 608.3 512.8 744.7 0.0 
842.3 850.0 380.3 758.7 460.4 0.0 269.4 388.7 639.1 914.1 816.0 756.1 906.5 1051.2 1085.9 351.7 409.9 287.4 435.9 667.8 0.0 
938.4 650.9 654.2 1032.6 556.5 276.2 0.0 189.6 440.0 734.3 912.1 852.2 1123.5 1147.3 1182.0 625.6 683.8 456.0 236.8 468.7 0.0 
862.9 568.6 691.1 1069.5 481.0 425.9 185.4 0.0 357.7 652.0 836.6 776.7 1048.0 1071.8 1106.5 645.1 720.7 612.1 86.8 386.4 0.0 
720.8 312.5 943.2 1321.6 733.1 678.0 437.5 366.2 0.0 395.9 860.5 1028.8 1300.1 1036.5 1177.5 897.2 972.8 864.2 409.0 310.3 0.0 
483.7 88.4 1206.1 1584.5 827.3 940.9 737.6 666.3 398.5 0.0 623.4 917.6 1188.9 799.4 940.4 1147.9 1235.7 1164.3 680.6 610.4 0.0 
295.3 551.2 958.9 1082.4 479.3 919.8 975.7 897.6 864.5 632.2 0.0 569.6 735.5 235.2 317.0 799.9 988.5 1040.3 944.8 1076.4 0.0 
525.3 781.2 764.7 763.1 352.0 792.5 848.4 770.3 1020.7 862.2 499.0 0.0 343.6 715.2 422.7 672.6 786.2 913.0 817.5 1049.4 0.0 
799.5 1055.4 501.3 499.7 626.2 898.2 1122.6 1044.5 1294.9 1136.4 734.7 345.6 0.0 704.9 412.4 835.8 522.8 781.5 1091.7 1323.6 0.0 
386.4 705.0 1051.6 1050.0 712.1 1152.6 1208.5 1130.4 1018.3 786.0 232.8 709.6 703.1 0.0 284.6 1032.7 1073.1 1273.1 1177.6 1230.2 0.0 
602.0 873.5 776.8 775.2 683.1 1123.6 1179.5 1101.4 1186.8 954.5 322.3 425.0 418.5 292.5 0.0 1003.7 798.3 1057.0 1148.6 1380.5 0.0 
732.2 988.1 383.2 761.6 350.3 413.2 681.7 611.4 861.8 1069.1 705.9 646.0 909.4 941.1 975.8 0.0 412.8 464.6 658.6 890.5 0.0 
880.1 1136.0 40.8 426.7 498.2 443.6 712.1 721.7 972.1 1217.0 853.8 793.9 574.5 1089.0 890.3 381.2 0.0 476.6 768.9 1000.8 0.0 
943.7 1076.1 428.7 608.0 561.8 286.1 454.0 614.8 865.2 1148.4 917.4 857.5 779.1 1152.6 1094.9 444.8 469.5 0.0 662.0 893.9 0.0 
908.6 614.3 736.8 1115.2 526.7 471.6 231.1 89.8 403.4 680.9 882.3 822.4 1093.7 1117.5 1152.2 690.8 766.4 657.8 0.0 432.1 0.0 
927.3 519.0 963.1 1341.5 753.0 697.9 457.4 386.1 308.1 602.4 1067.0 1048.7 1320.0 1243.0 1378.5 917.1 992.7 884.1 428.9 0.0 0.0 
0.0 0.0 0.0 0.0 0.0 0.0 0.0 0.0 0.0 0.0 0.0 0.0 0.0 0.0 0.0 0.0 0.0 0.0 0.0 0.0 0.0 