0.0 405.5 976.6 1278.1 497.0 937.5 993.4 915.3 718.8 486.5 293.1 587.3 858.6 406.6 596.4 357.8 989.7 983.4 765.6 816.8 1058.8 836.6 1117.7 993.6 171.2 481.3 555.9 654.4 255.2 719.2 840.3 792.6 941.6 1259.0 1195.3 615.5 178.3 406.4 391.9 958.1 
408.3 0.0 1148.1 1526.5 751.9 882.9 652.4 581.1 313.3 90.7 548.0 842.2 1113.5 724.0 865.4 612.7 584.2 577.9 360.1 599.9 1230.3 619.7 1118.7 830.7 343.2 736.2 810.8 909.3 510.1 313.7 785.7 942.2 1113.1 1507.4 1443.7 870.4 495.7 661.3 646.8 617.1 
851.7 1107.6 0.0 403.1 469.8 415.2 683.7 693.3 943.7 1188.6 825.4 765.5 550.9 1060.6 867.1 890.1 1031.4 1025.1 1062.4 594.8 106.9 614.6 495.5 503.7 812.2 518.8 734.1 283.1 787.5 849.1 395.8 201.2 332.2 384.0 320.3 793.7 853.6 938.7 924.2 689.1
1193.6 1449.5 372.6 0.0 824.1 769.5 1038.0 1047.6 1298.0 1530.5 1101.1 739.7 477.5 1071.3 793.7 1124.1 1385.7 1379.4 1416.7 949.1 395.1 968.9 669.0 858.0 1154.1 873.1 719.9 637.4 1129.4 1203.4 750.1 555.5 505.7 87.7 189.3 773.3 1195.5 1023.1 1136.2 1043.4 
427.7 683.6 526.9 905.3 0.0 487.8 543.7 465.6 716.0 764.6 401.4 341.5 612.8 636.6 670.9 466.1 803.7 797.4 834.7 367.1 609.1 386.9 668.0 543.9 388.2 88.7 310.1 204.7 363.5 621.4 390.6 342.9 491.9 886.2 822.5 369.7 429.6 514.7 500.2 508.4 
842.3 850.0 380.3 758.7 460.4 0.0 269.4 388.7 639.1 914.1 816.0 756.1 906.5 1051.2 1085.5 880.7 726.8 720.5 757.8 290.2 462.5 310.0 327.0 113.6 802.8 509.4 724.7 282.0 778.1 544.5 102.2 174.4 345.3 739.6 675.9 784.3 844.2 929.3 914.8 274.8 
938.4 650.9 654.2 1032.6 556.5 276.2 0.0 189.6 440.0 734.3 912.1 852.2 1123.5 1147.3 1181.6 976.8 527.7 521.4 558.7 208.4 736.4 228.2 495.6 207.6 898.9 605.5 820.8 552.7 874.2 345.4 336.4 448.3 619.2 1013.5 949.8 880.4 940.3 1025.4 1010.9 34.2 
862.9 568.6 691.1 1069.5 481.0 425.9 185.4 0.0 357.7 652.0 836.6 776.7 1048.0 1071.8 1106.1 901.3 445.4 439.1 476.4 132.9 773.3 152.7 651.7 363.7 823.4 530.0 745.3 495.9 798.7 263.1 328.7 485.2 656.1 1050.4 986.7 804.9 864.8 949.9 935.4 150.1 
720.8 312.5 943.2 1321.6 733.1 678.0 437.5 366.2 0.0 395.9 860.5 1028.8 1300.1 1036.5 1177.9 925.2 369.3 363.0 200.4 385.0 1025.4 404.8 903.8 615.8 655.7 782.1 997.4 748.0 822.6 98.8 580.8 737.3 908.2 1302.5 1238.8 1057.0 808.2 973.8 959.3 402.2 
483.7 88.4 1206.1 1584.5 827.3 940.9 737.6 666.3 398.5 0.0 623.4 917.6 1188.9 799.4 940.8 688.1 669.4 663.1 445.3 685.1 1288.3 704.9 1203.9 915.9 418.6 811.6 886.2 984.7 585.5 398.9 843.7 1000.2 1171.1 1565.4 1501.7 945.8 571.1 736.7 722.2 702.3 
295.3 551.2 958.9 1082.4 479.3 919.8 975.7 897.6 864.5 632.2 0.0 569.6 735.5 235.2 317.4 64.7 1135.4 1129.1 911.3 799.1 1041.1 818.9 1100.0 975.9 255.8 463.6 538.2 636.7 52.3 864.9 822.6 774.9 923.9 1063.3 999.6 597.8 175.4 113.3 98.8 940.4 
525.3 781.2 764.7 763.1 352.0 792.5 848.4 770.3 1020.7 862.2 499.0 0.0 343.6 715.2 422.3 563.7 1108.4 1102.1 1139.4 671.8 787.2 691.6 972.7 848.6 485.8 336.3 57.1 509.4 461.1 926.1 695.3 647.6 796.6 744.0 680.3 121.1 527.2 612.3 597.8 813.1
799.5 1055.4 501.3 499.7 626.2 898.2 1122.6 1044.5 1294.9 1136.4 734.7 345.6 0.0 704.9 412.0 757.7 1382.6 1376.3 1413.6 946.0 523.8 965.8 841.2 986.7 760.0 610.5 325.8 766.1 735.3 1200.3 878.8 684.2 677.9 480.6 416.9 379.2 801.4 656.7 769.8 1087.3 
386.4 705.0 1051.6 1050.0 712.1 1152.6 1208.5 1130.4 1018.3 786.0 232.8 709.6 703.1 0.0 285.0 255.8 1289.2 1282.9 1065.1 1031.9 1074.1 1051.7 1332.8 1208.7 409.6 696.4 667.3 869.5 285.1 1018.7 1055.4 1007.7 1156.7 1030.9 967.2 671.1 209.0 154.8 267.9 1173.2 
602.4 873.9 777.2 775.6 682.7 1123.2 1179.1 1101.0 1187.2 954.9 322.7 424.6 418.1 292.9 0.0 345.7 1439.1 1432.8 1234.0 1002.5 799.7 1022.3 1117.1 1179.3 578.5 667.0 382.3 840.1 375.0 1187.6 1026.0 960.1 953.8 756.5 692.8 386.1 425.0 244.7 357.8 1143.8
358.0 613.9 1021.6 1109.6 542.0 982.5 1038.4 960.3 927.2 694.9 62.7 632.3 762.7 262.4 344.6 0.0 1198.1 1191.8 974.0 861.8 1103.8 881.6 1162.7 1038.6 318.5 526.3 600.9 699.4 115.0 927.6 885.3 837.6 986.6 1090.5 1026.8 660.5 238.1 140.5 108.2 1003.1
984.5 576.2 1020.3 1398.7 810.2 755.1 514.6 443.3 365.3 659.6 1124.2 1105.9 1377.2 1300.2 1435.3 1188.9 0.0 214.4 484.0 462.1 1102.5 481.9 980.9 692.9 919.4 859.2 1074.5 825.1 1086.3 270.7 657.9 814.4 985.3 1379.6 1315.9 1134.1 1071.9 1237.5 1223.0 479.3 
986.4 578.1 1022.2 1400.6 812.1 757.0 516.5 445.2 367.2 661.5 1126.1 1107.8 1379.1 1302.1 1437.2 1190.8 214.9 0.0 485.9 464.0 1104.4 483.8 982.8 694.8 921.3 861.1 1076.4 827.0 1088.2 272.6 659.8 816.3 987.2 1381.5 1317.8 1136.0 1073.8 1239.4 1224.9 481.2 
775.0 366.7 1068.3 1446.7 858.2 803.1 562.6 491.3 202.8 450.1 914.7 1153.9 1425.2 1090.7 1232.1 979.4 494.4 488.1 0.0 510.1 1150.5 529.9 1028.9 740.9 709.9 907.2 1122.5 873.1 876.8 223.9 705.9 862.4 1033.3 1427.6 1363.9 1182.1 862.4 1028.0 1013.5 527.3
758.9 595.3 587.1 965.5 377.0 321.9 212.1 134.0 384.4 678.7 732.6 672.7 944.0 967.8 1002.1 797.3 472.1 465.8 503.1 0.0 669.3 19.8 586.2 378.0 719.4 426.0 641.3 391.9 694.7 289.8 224.7 381.2 552.1 946.4 882.7 700.9 760.8 845.9 831.4 176.8
934.5 1190.4 101.1 425.8 552.6 498.0 766.5 776.1 1026.5 1271.4 908.2 835.8 573.6 1143.4 889.8 972.9 1114.2 1107.9 1145.2 677.6 0.0 697.4 578.3 586.5 895.0 601.6 816.0 365.9 870.3 931.9 478.6 284.0 415.0 406.7 343.0 869.4 936.4 1021.5 1007.0 771.9
775.5 611.9 603.7 982.1 393.6 338.5 228.7 150.6 401.0 695.3 749.2 689.3 960.6 984.4 1018.7 813.9 488.7 482.4 519.7 16.6 685.9 0.0 602.8 394.6 736.0 442.6 657.9 408.5 711.3 306.4 241.3 397.8 568.7 963.0 899.3 717.5 777.4 862.5 848.0 193.4
1005.7 1113.3 490.7 670.0 623.8 323.3 491.2 652.0 902.4 1185.6 979.4 919.5 841.1 1214.6 1157.3 1044.1 990.1 983.8 1021.1 561.7 572.9 581.5 0.0 311.2 966.2 672.8 888.1 437.1 941.5 807.8 378.7 355.2 244.1 656.2 694.9 947.7 1007.6 1092.7 1078.2 496.6 
904.6 825.6 468.6 847.0 522.7 110.4 203.5 364.3 614.7 909.0 878.3 818.4 994.8 1113.5 1147.8 943.0 702.4 696.1 733.4 352.5 550.8 372.3 310.0 0.0 865.1 571.7 787.0 370.3 840.4 520.1 170.6 262.7 433.6 827.9 764.2 846.6 906.5 991.6 977.1 208.9
177.7 343.0 937.3 1238.8 457.7 898.2 954.1 876.0 656.3 424.0 253.8 548.0 819.3 429.8 571.2 318.5 927.2 920.9 703.1 777.5 1019.5 797.3 1078.4 954.3 0.0 442.0 516.6 615.1 215.9 656.7 801.0 753.3 902.3 1219.7 1156.0 576.2 201.5 367.1 352.6 918.8 
419.9 675.8 575.1 953.5 93.3 536.0 591.9 513.8 764.2 756.8 393.6 333.7 605.0 628.8 663.1 458.3 851.9 845.6 882.9 415.3 657.3 435.1 716.2 592.1 380.4 0.0 302.3 252.9 355.7 669.6 438.8 391.1 540.1 934.4 870.7 361.9 421.8 506.9 492.4 556.6 
496.3 752.2 740.6 739.0 323.0 763.5 819.4 741.3 991.7 833.2 470.0 51.2 319.5 670.5 377.6 534.7 1079.4 1073.1 1110.4 642.8 763.1 662.6 943.7 819.6 456.8 307.3 0.0 480.4 432.1 897.1 666.3 618.6 767.6 719.9 656.2 76.4 498.2 583.3 568.8 784.1 
568.6 824.5 322.2 700.6 186.7 327.8 533.5 455.4 705.8 905.5 542.3 482.4 753.7 777.5 811.8 607.0 793.5 787.2 824.5 356.9 404.4 376.7 463.3 383.9 529.1 235.7 451.0 0.0 504.4 611.2 230.6 138.2 287.2 681.5 617.8 510.6 570.5 655.6 641.1 498.2
254.2 510.1 917.8 1137.7 438.2 878.7 934.6 856.5 823.4 591.1 55.3 528.5 790.8 290.5 372.7 120.0 1094.3 1088.0 870.2 758.0 1000.0 777.8 1058.9 934.8 214.7 422.5 497.1 595.6 0.0 823.8 781.5 733.8 882.8 1118.6 1054.9 556.7 167.2 168.6 154.1 899.3 
718.0 309.7 853.5 1231.9 643.4 588.3 347.8 276.5 98.8 393.1 857.7 939.1 1210.4 1033.7 1175.1 922.4 279.6 273.3 217.5 295.3 935.7 315.1 814.1 526.1 652.9 692.4 907.7 658.3 819.8 0.0 491.1 647.6 818.5 1212.8 1149.1 967.3 805.4 971.0 956.5 312.5 
751.1 758.8 362.4 740.8 369.2 98.4 330.8 297.5 547.9 822.9 724.8 664.9 888.6 960.0 994.3 789.5 635.6 629.3 666.6 199.0 444.6 218.8 381.6 175.0 711.6 418.2 633.5 233.4 686.9 453.3 0.0 156.5 327.4 721.7 658.0 693.1 753.0 838.1 823.6 336.2
676.2 932.1 205.9 584.3 294.3 214.0 482.5 492.1 742.5 1013.1 649.9 590.0 732.1 885.1 919.4 714.6 830.2 823.9 861.2 393.6 288.1 413.4 347.0 302.5 636.7 343.3 558.6 107.6 612.0 647.9 194.6 0.0 170.9 565.2 501.5 618.2 678.1 763.2 748.7 487.9 
820.6 1076.5 328.9 508.2 438.7 384.1 636.0 662.2 912.6 1157.5 794.3 734.4 679.3 1029.5 995.5 859.0 1000.3 994.0 1031.3 563.7 411.1 583.5 241.7 456.0 781.1 487.7 703.0 252.0 756.4 818.0 364.7 170.1 0.0 494.4 533.1 762.6 822.5 907.6 893.1 641.4 
1170.5 1426.4 349.5 89.3 801.0 746.4 1014.9 1024.5 1274.9 1507.4 1078.0 716.6 454.4 1048.2 770.6 1101.0 1362.6 1356.3 1393.6 926.0 372.0 945.8 659.7 834.9 1131.0 850.0 696.8 614.3 1106.3 1180.3 727.0 532.4 496.4 0.0 166.2 750.2 1172.4 1000.0 1113.1 1020.3 
1105.4 1361.3 284.4 186.2 735.9 681.3 949.8 959.4 1209.8 1442.3 1012.9 651.5 389.3 983.1 705.5 1035.9 1297.5 1291.2 1328.5 860.9 306.9 880.7 689.3 769.8 1065.9 784.9 631.7 549.2 1041.2 1115.2 661.9 467.3 526.0 167.1 0.0 685.1 1107.3 934.9 1048.0 955.2 
553.3 809.2 802.6 801.0 380.0 820.5 876.4 798.3 1048.7 890.2 527.0 121.9 381.5 671.8 378.9 591.7 1136.4 1130.1 1167.4 699.8 825.1 719.6 1000.7 876.6 513.8 364.3 79.6 537.4 489.1 954.1 723.3 675.6 824.6 781.9 718.2 0.0 555.2 623.6 625.8 841.1
177.4 496.0 983.8 1183.1 504.2 944.7 1000.6 922.5 809.3 577.0 177.4 594.5 836.2 228.3 418.1 242.1 1080.2 1073.9 856.1 824.0 1066.0 843.8 1124.9 1000.8 200.6 488.5 563.1 661.6 159.9 809.7 847.5 799.8 948.8 1164.0 1100.3 622.7 0.0 290.7 276.2 965.3 
410.5 666.4 1003.7 1002.1 594.5 1035.0 1090.9 1012.8 979.7 747.4 115.2 661.7 655.2 154.9 237.1 138.2 1250.6 1244.3 1026.5 914.3 1026.2 934.1 1215.2 1091.1 371.0 578.8 619.4 751.9 167.5 980.1 937.8 890.1 1039.1 983.0 919.3 623.2 290.6 0.0 150.3 1055.6 
396.4 652.3 1060.0 1122.3 580.4 1020.9 1076.8 998.7 965.6 733.3 101.1 670.7 775.4 275.1 357.3 106.7 1236.5 1230.2 1012.4 900.2 1142.2 920.0 1201.1 1077.0 356.9 564.7 639.3 737.8 153.4 966.0 923.7 876.0 1025.0 1103.2 1039.5 698.9 276.5 153.2 0.0 1041.5
904.2 616.7 660.2 1038.6 522.3 282.2 35.3 155.4 405.8 700.1 877.9 818.0 1089.3 1113.1 1147.4 942.6 493.5 487.2 524.5 174.2 742.4 194.0 501.6 213.6 864.7 571.3 786.6 537.2 840.0 311.2 342.4 454.3 625.2 1019.5 955.8 846.2 906.1 991.2 976.7 0.0