0.0 166.0 353.4 706.5 664.5 505.1 440.1 534.6 655.2 599.1 1103.3 765.8 557.5 537.8 975.8 622.0 305.2 447.2 496.4 429.1 0.0 
167.0 0.0 187.4 566.1 524.1 399.7 334.7 368.6 489.2 433.1 997.9 660.4 559.1 580.5 809.8 503.4 199.8 461.6 539.1 441.5 0.0 
329.4 184.5 0.0 417.9 375.9 462.3 340.8 422.3 542.9 486.8 1060.5 723.0 612.8 656.1 845.5 461.8 262.4 593.2 670.7 573.1 0.0 
678.3 566.2 419.0 0.0 155.7 517.4 327.6 833.5 954.1 905.8 1203.6 810.4 1031.8 1061.0 629.0 345.2 493.0 942.1 1019.6 922.0 0.0 
635.9 523.8 376.6 157.0 0.0 571.5 381.7 686.6 807.2 798.9 1127.4 758.3 924.9 968.2 473.3 399.3 547.1 899.7 977.2 879.6 0.0 
468.4 396.3 462.6 520.6 572.2 0.0 187.9 741.8 862.4 806.3 750.0 378.5 870.8 851.1 586.5 373.9 250.7 732.2 809.7 712.1 0.0 
407.7 335.6 340.8 332.7 384.3 189.8 0.0 681.1 801.7 745.6 939.8 568.3 810.1 790.4 776.3 200.9 165.4 671.5 749.0 651.4 0.0 
540.2 373.2 419.5 837.4 686.6 743.6 678.6 0.0 174.7 156.6 1341.8 1004.3 282.6 325.9 910.2 847.3 543.7 510.5 459.9 674.6 0.0 
657.0 490.0 536.3 954.2 803.4 860.4 795.4 176.0 0.0 288.3 1458.6 1121.1 414.3 457.6 1027.0 964.1 660.5 642.2 591.6 806.3 0.0 
607.9 440.9 487.2 905.1 802.1 811.3 746.3 153.7 290.2 0.0 1409.5 1072.0 126.0 169.3 1025.7 915.0 611.4 353.9 303.3 518.0 0.0 
1057.2 985.1 1051.4 1229.4 1118.3 768.3 956.2 1330.6 1451.2 1395.1 0.0 573.9 1459.6 1439.9 845.2 1142.2 839.5 1321.0 1398.5 1300.9 0.0 
723.3 651.2 717.5 826.9 774.4 398.1 586.0 996.7 1117.3 1061.2 571.0 0.0 1125.7 1106.0 559.7 772.0 505.6 987.1 1064.6 967.0 0.0 
553.1 565.0 611.3 1029.2 926.2 883.4 818.4 277.8 414.3 124.1 1481.6 1144.1 0.0 176.9 1149.8 1000.3 683.5 247.8 197.2 411.9 0.0 
534.9 564.8 658.9 1066.6 973.8 865.2 800.2 325.4 461.9 171.7 1463.4 1125.9 183.3 0.0 1197.4 982.1 665.3 229.6 179.0 393.7 0.0 
961.3 809.9 844.3 636.9 479.9 597.2 785.1 908.5 1029.1 1020.8 852.4 543.7 1146.8 1190.1 0.0 678.9 743.6 1225.1 1302.6 1205.0 0.0 
587.8 502.9 463.7 352.1 403.7 373.6 197.6 848.4 969.0 912.9 1123.6 752.1 990.2 970.5 672.3 0.0 345.5 851.6 929.1 831.5 0.0 
269.4 197.3 263.6 499.5 551.1 248.8 166.8 542.8 663.4 607.3 847.0 509.5 671.8 652.1 719.8 348.7 0.0 533.2 610.7 513.1 0.0 
441.1 440.7 590.9 942.5 900.5 741.1 676.1 511.8 648.3 358.1 1339.3 1001.8 247.5 227.8 1212.1 858.0 541.2 0.0 161.4 258.5 0.0 
494.7 524.6 674.8 1026.4 984.4 825.0 760.0 458.6 595.1 304.9 1423.2 1085.7 194.3 174.6 1296.0 941.9 625.1 155.4 0.0 353.5 0.0 
424.2 423.8 574.0 925.6 883.6 724.2 659.2 692.1 828.6 538.4 1322.4 984.9 427.8 408.1 1195.2 841.1 524.3 268.2 366.7 0.0 0.0 
0.0 0.0 0.0 0.0 0.0 0.0 0.0 0.0 0.0 0.0 0.0 0.0 0.0 0.0 0.0 0.0 0.0 0.0 0.0 0.0 0.0 