49.179775 8.752588
49.154036 8.718574
49.106847 8.814816
49.100604 8.854045
49.138372 8.770976
49.104066 8.745913
49.107418 8.712167
49.124447 8.716669
49.145212 8.688068
49.155876 8.724690
49.175942 8.792577
49.147033 8.806347
49.142084 8.852420
49.187562 8.817072
49.174130 8.836061
49.177741 8.796049
49.138169 8.661563
49.147490 8.655874
49.148566 8.693831
49.121084 8.723739
49.110618 8.815909
49.120982 8.724765
49.088492 8.769808
49.099789 8.738246
49.175442 8.749427
49.142551 8.769687
49.148713 8.807257
49.118803 8.766450
49.176203 8.785493
49.140226 8.686995
49.105682 8.748116
49.107595 8.782017
49.088201 8.788462
49.099043 8.858203
49.110088 8.858825
49.151327 8.811024
49.183469 8.775872
49.179303 8.810762
49.178439 8.801008
49.108844 8.715623